12
49
11
45
8
14
40
31
49
49
13
5
35
0
17
23
19
3
2
30
4
8
13
6
37
19
5
32
36
24
38
45
3
7
44
50
10
49
38
7
34
9
33
38
31
19
3
28
47
32
10
11
50
40
13
46
44
36
23
15
49
35
18
27
15
9
42
9
12
5
3
41
10
27
9
17
2
24
10
24
33
39
2
37
40
47
26
24
50
31
28
25
49
24
36
20
41
30
4
50
7
7
42
28
4
50
31
9
13
3
50
7
0
46
35
30
11
24
21
49
33
46
15
23
41
28
35
39
10
7
29
49
8
23
28
34
44
38
2
37
35
12
28
12
9
47
47
41
8
23
33
47
32
16
50
17
20
20
31
2
44
25
34
35
36
44
33
47
38
2
31
13
13
44
3
18
14
27
33
14
25
38
48
16
38
28
35
19
49
41
19
6
11
12
47
0
12
9
43
7
4
48
41
45
41
44
46
37
8
28
37
31
28
45
21
4
27
19
29
29
37
29
24
37
24
49
3
28
31
48
44
45
50
22
29
23
24
24
8
47
31
33
45
49
5
50
6
46
6
47
2
19
22
5
12
21
41
42
28
33
28
41
8
15
2
19
48
37
35
38
33
41
21
2
41
15
28
15
44
8
2
45
2
34
2
29
14
27
20
37
17
47
31
4
29
44
21
45
16
22
30
38
2
21
46
3
24
24
25
30
23
46
4
34
41
15
35
16
28
15
8
26
7
44
41
34
18
1
23
0
28
4
31
26
3
33
31
21
14
37
46
46
46
23
46
0
45
13
18
3
8
36
43
44
49
49
20
31
36
10
48
26
33
30
34
9
3
32
44
27
7
33
33
47
13
31
39
18
14
24
26
45
41
2
30
37
7
36
28
26
33
36
50
38
45
27
24
14
30
12
33
31
30
24
4
22
3
47
29
20
1
36
0
31
50
2
39
24
50
45
6
42
18
3
13
7
36
41
26
13
8
8
20
3
6
12
24
18
13
37
12
34
38
32
3
36
38
23
33
47
38
28
35
31
0
6
28
45
26
44
31
31
28
49
6
47
4
12
18
9
47
3
18
44
16
41
28
39
18
3
47
13
42
20
25
16
24
40
50
16
41
3
21
17
3
44
22
48
47
15
19
50
19
10
43
7
23
4
41
20
18
7
27
29
10
33
5
19
0
31
42
19
34
47
32
28
39
21
10
37
7
23
18
9
19
12
3
10
6
31
45
12
44
19
38
24
31
8
34
6
30
38
34
14
44
8
10
8
8
10
7
38
24
24
31
31
33
23
41
42
5
24
28
35
33
26
4
38
29
45
4
12
1
33
26
43
25
41
1
3
27
47
22
22
42
17
6
42
27
2
37
44
7
0
41
27
1
7
30
29
18
13
33
8
10
41
28
42
7
25
46
44
24
39
10
0
38
13
44
33
48
26
26
36
23
5
25
7
41
37
10
2
9
49
48
12
19
39
16
49
2
44
3
19
37
17
38
28
29
41
10
47
0
9
36
12
46
10
7
3
2
33
40
2
10
15
43
24
50
41
29
21
30
26
29
16
4
50
2
20
46
21
18
21
31
22
21
3
41
31
35
12
4
17
43
13
14
37
4
9
34
22
0
19
13
7
4
13
32
27
26
42
28
18
38
28
21
47
33
25
44
49
30
28
7
12
23
14
50
0
44
31
5
35
46
14
18
35
36
7
23
38
12
14
24
14
2
2
4
24
31
6
3
41
26
44
15
18
46
30
12
6
49
14
18
6
36
34
3
41
35
10
45
11
44
47
45
50
31
2
8
41
15
46
34
41
50
21
33
2
16
20
50
9
39
12
21
19
20
26
41
41
7
11
24
17
10
33
49
8
24
31
31
20
33
33
6
17
30
24
29
26
47
31
12
9
20
36
15
13
28
11
49
18
40
2
23
13
31
33
14
16
41
42
26
33
30
43
19
9
11
24
25
18
13
43
11
20
46
47
3
18
34
37
47
38
45
33
41
26
26
24
49
19
13
10
3
24
36
9
49
16
45
46
37
12
46
47
41
29
2
9
28
30
23
46
33
37
26
9
49
24
40
26
8
42
47
10
13
31
13
26
30
30
39
16
24
26
15
7
9
11
46
4
25
34
18
50
2
14
31
36
12
25
30
25
40
2
13
9
11
50
24
50
27
18
42
21
46
24
27
41
35
7
31
30
23
4
32
24
44
49
30
31
19
33
33
33
30
40
44
37
33
37
16
19
2
45
19
47
19
25
29
28
27
35
24
13
23
33
38
25
34
9
7
9
3
26
50
28
30
10
30
13
41
35
7
20
4
35
