50
26
44
40
37
0
40
26
40
50
43
14
15
25
17
49
14
29
46
30
2
7
10
48
6
26
15
49
50
29
29
38
43
49
18
49
48
41
26
40
26
18
39
20
34
28
49
10
13
36
43
34
50
40
14
27
45
35
19
17
28
35
2
36
47
3
34
30
49
19
1
26
30
25
30
13
36
28
26
4
44
39
25
19
6
28
7
6
15
17
28
25
6
35
45
34
45
34
4
50
39
11
23
11
6
0
3
14
12
6
11
38
10
21
47
29
29
21
48
17
50
14
10
7
32
25
49
16
8
3
11
49
29
2
30
40
43
14
35
6
6
12
24
27
6
19
2
38
29
11
25
41
50
8
12
26
49
49
7
26
8
33
19
7
29
28
6
38
38
3
38
49
46
45
3
7
16
3
35
48
11
33
17
43
31
17
4
23
49
48
2
33
19
6
46
10
0
42
36
40
28
3
49
32
41
45
40
43
11
3
46
11
7
7
42
34
29
18
44
27
50
29
47
7
29
33
13
5
17
18
29
11
43
11
37
14
40
7
42
25
6
50
3
49
13
49
14
47
36
17
26
20
37
46
48
40
3
36
28
31
39
2
16
33
15
40
50
6
50
5
7
7
15
14
35
49
40
11
8
28
6
7
28
17
6
23
11
42
7
7
17
2
20
41
37
39
11
36
50
3
39
26
50
6
37
40
35
32
25
29
14
47
4
25
19
26
34
34
35
19
29
3
8
2
26
28
33
21
21
17
47
4
3
10
26
43
37
33
1
6
37
27
39
19
15
26
33
34
28
49
20
49
30
45
6
42
25
34
26
29
7
26
15
42
17
18
48
26
44
0
49
35
28
26
18
20
7
48
34
35
40
25
9
7
29
13
2
28
2
17
49
34
34
5
35
3
45
35
3
42
11
29
44
35
50
3
43
15
11
44
12
26
34
40
4
22
36
26
41
25
13
29
8
7
26
28
50
29
16
50
11
30
48
6
13
32
6
7
35
47
14
7
42
3
6
50
2
0
35
17
16
26
38
11
7
26
32
5
34
11
50
11
7
7
6
26
4
49
39
34
18
3
41
37
34
15
41
10
12
48
37
33
42
7
34
30
43
40
26
16
33
13
36
17
49
11
35
49
15
48
15
25
35
44
12
49
25
4
28
11
9
26
28
33
20
4
14
0
17
10
2
39
42
10
13
2
16
6
8
20
50
17
16
7
43
12
17
13
43
28
24
34
30
15
37
7
45
17
45
35
29
34
28
33
3
25
26
7
11
29
47
35
2
18
22
24
2
36
40
7
30
46
17
42
34
48
43
3
11
34
4
50
27
34
41
26
7
0
38
45
28
2
36
23
42
17
6
8
29
36
35
7
17
50
37
0
30
42
35
7
35
17
17
0
35
38
48
30
5
25
15
28
7
34
30
35
37
37
17
40
50
37
49
26
42
14
49
25
50
31
5
2
10
7
7
48
36
23
20
24
35
6
17
7
14
7
7
40
29
50
37
2
49
6
26
2
40
14
37
7
40
49
40
35
27
35
28
40
13
11
29
34
44
49
30
26
12
19
35
14
4
27
37
38
40
41
13
49
4
12
7
6
38
7
46
19
27
50
4
45
39
7
0
12
19
11
4
46
4
19
35
29
46
13
34
7
34
30
10
26
17
48
39
11
46
50
42
1
11
7
15
42
45
34
7
3
4
13
35
25
16
14
2
3
27
37
33
16
37
22
40
18
37
19
27
44
30
7
15
25
12
35
31
4
12
6
6
24
26
50
0
14
21
27
47
37
33
15
50
38
39
26
25
14
45
5
43
49
2
13
34
33
6
46
7
12
23
7
7
33
16
26
35
45
6
26
30
7
43
15
50
28
17
16
3
26
6
20
8
33
26
25
26
45
12
49
29
15
48
10
16
20
13
3
17
47
50
48
26
2
27
17
33
39
50
37
11
23
19
31
29
43
29
50
14
40
29
40
7
17
6
32
20
13
26
20
25
10
17
11
26
35
19
27
7
14
48
49
33
0
3
44
49
6
17
19
37
8
28
33
6
42
2
45
37
40
25
34
26
14
46
5
2
26
29
25
13
11
17
7
23
7
29
16
37
0
34
0
7
34
7
8
48
49
26
18
25
6
7
28
17
36
12
21
2
7
36
25
44
23
11
28
28
13
2
6
29
30
7
37
10
14
37
16
0
26
33
4
40
40
17
15
26
34
34
34
17
33
45
42
34
17
30
43
10
11
24
14
45
47
50
19
8
31
7
2
35
3
46
23
21
25
22
49
28
21
49
45
3
30
37
7
27
38
41
11
38
33
24
4
